{
 "cells": [
  {
   "cell_type": "code",
   "execution_count": 142,
   "metadata": {},
   "outputs": [],
   "source": [
    "#from cvxopt import matrix, solvers\n",
    "import pandas as pd\n",
    "import numpy as np"
   ]
  },
  {
   "cell_type": "code",
   "execution_count": 143,
   "metadata": {},
   "outputs": [],
   "source": [
    "data = pd.read_csv(\"Cov_M - Sheet2.csv\") \n",
    "data1= pd.DataFrame(data)"
   ]
  },
  {
   "cell_type": "code",
   "execution_count": 144,
   "metadata": {},
   "outputs": [],
   "source": [
    "x1=np.array(data1)"
   ]
  },
  {
   "cell_type": "code",
   "execution_count": 145,
   "metadata": {},
   "outputs": [],
   "source": [
    "x=np.matrix.transpose(x1)"
   ]
  },
  {
   "cell_type": "code",
   "execution_count": 146,
   "metadata": {},
   "outputs": [],
   "source": [
    "sigma=np.cov(x)"
   ]
  },
  {
   "cell_type": "code",
   "execution_count": 147,
   "metadata": {},
   "outputs": [
    {
     "data": {
      "text/plain": [
       "array([[ 7.02506827e-04,  2.61031508e-04,  2.23808650e-04,\n",
       "         5.15980301e-05,  1.41585950e-04,  2.50172398e-04,\n",
       "         8.67237941e-05,  1.41231993e-04,  2.55828448e-04,\n",
       "         2.73211819e-04,  2.03214102e-04,  1.63355662e-04,\n",
       "         1.32579887e-04,  1.95314057e-04,  1.02792325e-04,\n",
       "         3.85985241e-05,  1.62422963e-04,  1.22779159e-04,\n",
       "         1.39574283e-04,  3.44350646e-04],\n",
       "       [ 2.61031508e-04,  3.41383883e-02,  2.43984113e-04,\n",
       "        -2.32906979e-05,  2.88431699e-04,  2.91214055e-04,\n",
       "         5.05647565e-05,  2.64479592e-04,  5.08343811e-04,\n",
       "         5.80037341e-04,  4.40748518e-04,  4.80241967e-04,\n",
       "         1.36902212e-04,  2.74852427e-04,  1.87051262e-04,\n",
       "         5.44453803e-05,  2.04254544e-04,  3.54184875e-05,\n",
       "         2.00756724e-04,  4.92481981e-04],\n",
       "       [ 2.23808650e-04,  2.43984113e-04,  6.08450349e-04,\n",
       "         1.20118585e-05,  1.41976309e-04,  1.78230110e-04,\n",
       "         8.24326592e-05,  9.10221931e-05,  2.03632128e-04,\n",
       "         2.33222503e-04,  1.64035924e-04,  1.82725190e-04,\n",
       "         8.60805592e-05,  2.03356341e-04,  7.11630072e-05,\n",
       "         3.02140545e-05,  1.94231905e-04,  1.60723255e-04,\n",
       "         1.15272253e-04,  2.67265636e-04],\n",
       "       [ 5.15980301e-05, -2.32906979e-05,  1.20118585e-05,\n",
       "         3.92833122e-04,  5.30358603e-05, -1.54344046e-05,\n",
       "        -5.02899021e-06, -1.04408406e-05,  1.62272442e-05,\n",
       "         1.78566072e-05,  3.60081823e-06, -2.17365784e-05,\n",
       "         7.23361426e-06,  3.57882993e-06,  1.98412956e-05,\n",
       "         2.76009339e-05,  2.05506437e-05,  7.58787553e-06,\n",
       "         1.73881277e-05,  5.44614333e-05],\n",
       "       [ 1.41585950e-04,  2.88431699e-04,  1.41976309e-04,\n",
       "         5.30358603e-05,  8.14225429e-04,  1.33934244e-04,\n",
       "         6.49171456e-05,  3.89701515e-05,  1.82984191e-04,\n",
       "         1.24246270e-04,  9.57253190e-05,  9.27288932e-05,\n",
       "         4.48252402e-05,  9.49712667e-05,  2.01260006e-05,\n",
       "         8.59844892e-06,  8.47982117e-05,  7.52705837e-05,\n",
       "         7.07771143e-05,  1.53916982e-04],\n",
       "       [ 2.50172398e-04,  2.91214055e-04,  1.78230110e-04,\n",
       "        -1.54344046e-05,  1.33934244e-04,  2.08540008e-03,\n",
       "         8.46281352e-05,  8.10904095e-05,  2.32791793e-04,\n",
       "         2.51507543e-04,  2.04770750e-04,  1.97152130e-04,\n",
       "         9.15465404e-05,  2.03249612e-04,  5.71192132e-05,\n",
       "         4.06669980e-05,  1.95916926e-04,  1.73417787e-04,\n",
       "         1.47729058e-04,  2.77205141e-04],\n",
       "       [ 8.67237941e-05,  5.05647565e-05,  8.24326592e-05,\n",
       "        -5.02899021e-06,  6.49171456e-05,  8.46281352e-05,\n",
       "         3.03525932e-04,  5.59330439e-05,  1.23921823e-04,\n",
       "         1.06056776e-04,  8.27527639e-05,  9.95841663e-05,\n",
       "         5.68244433e-05,  9.09932987e-05,  5.83549417e-05,\n",
       "         5.93493104e-06,  1.01680981e-04,  7.93073055e-05,\n",
       "         6.57646542e-05,  1.63791852e-04],\n",
       "       [ 1.41231993e-04,  2.64479592e-04,  9.10221931e-05,\n",
       "        -1.04408406e-05,  3.89701515e-05,  8.10904095e-05,\n",
       "         5.59330439e-05,  3.67318807e-04,  1.16230590e-04,\n",
       "         1.02692422e-04,  8.03503601e-05,  5.05646694e-05,\n",
       "         6.77896415e-05,  1.12967219e-04,  7.37750619e-05,\n",
       "         1.38614029e-05,  9.41860512e-05,  7.49246374e-05,\n",
       "         6.43525535e-05,  1.37268818e-04],\n",
       "       [ 2.55828448e-04,  5.08343811e-04,  2.03632128e-04,\n",
       "         1.62272442e-05,  1.82984191e-04,  2.32791793e-04,\n",
       "         1.23921823e-04,  1.16230590e-04,  7.24348778e-04,\n",
       "         3.44868230e-04,  2.36539577e-04,  2.07159086e-04,\n",
       "         1.26908676e-04,  2.59755740e-04,  9.91207989e-05,\n",
       "         3.35328722e-05,  2.15925668e-04,  1.39199989e-04,\n",
       "         1.56247268e-04,  4.21220491e-04],\n",
       "       [ 2.73211819e-04,  5.80037341e-04,  2.33222503e-04,\n",
       "         1.78566072e-05,  1.24246270e-04,  2.51507543e-04,\n",
       "         1.06056776e-04,  1.02692422e-04,  3.44868230e-04,\n",
       "         8.15337977e-04,  2.58988529e-04,  2.24100607e-04,\n",
       "         1.12921943e-04,  2.61952776e-04,  1.03008583e-04,\n",
       "         1.36154218e-05,  2.18706043e-04,  1.51111324e-04,\n",
       "         1.41318428e-04,  3.99242702e-04],\n",
       "       [ 2.03214102e-04,  4.40748518e-04,  1.64035924e-04,\n",
       "         3.60081823e-06,  9.57253190e-05,  2.04770750e-04,\n",
       "         8.27527639e-05,  8.03503601e-05,  2.36539577e-04,\n",
       "         2.58988529e-04,  6.19531692e-04,  1.96011702e-04,\n",
       "         8.66004857e-05,  1.93104476e-04,  7.25446267e-05,\n",
       "         1.81600094e-05,  1.70005897e-04,  1.63760390e-04,\n",
       "         1.63587903e-04,  3.13840231e-04],\n",
       "       [ 1.63355662e-04,  4.80241967e-04,  1.82725190e-04,\n",
       "        -2.17365784e-05,  9.27288932e-05,  1.97152130e-04,\n",
       "         9.95841663e-05,  5.05646694e-05,  2.07159086e-04,\n",
       "         2.24100607e-04,  1.96011702e-04,  6.22079240e-04,\n",
       "         7.16113631e-05,  1.87303909e-04,  5.88142081e-05,\n",
       "         1.71469218e-05,  1.51508475e-04,  1.04619347e-04,\n",
       "         1.20194591e-04,  2.87747305e-04],\n",
       "       [ 1.32579887e-04,  1.36902212e-04,  8.60805592e-05,\n",
       "         7.23361426e-06,  4.48252402e-05,  9.15465404e-05,\n",
       "         5.68244433e-05,  6.77896415e-05,  1.26908676e-04,\n",
       "         1.12921943e-04,  8.66004857e-05,  7.16113631e-05,\n",
       "         2.74745804e-04,  9.87671110e-05,  5.78792815e-05,\n",
       "         7.81946546e-07,  6.52014955e-05,  8.87767675e-05,\n",
       "         5.43544914e-05,  1.95680245e-04],\n",
       "       [ 1.95314057e-04,  2.74852427e-04,  2.03356341e-04,\n",
       "         3.57882993e-06,  9.49712667e-05,  2.03249612e-04,\n",
       "         9.09932987e-05,  1.12967219e-04,  2.59755740e-04,\n",
       "         2.61952776e-04,  1.93104476e-04,  1.87303909e-04,\n",
       "         9.87671110e-05,  4.94355653e-04,  1.17942179e-04,\n",
       "         1.86186804e-05,  2.01824124e-04,  1.08286265e-04,\n",
       "         1.46938828e-04,  3.39286544e-04],\n",
       "       [ 1.02792325e-04,  1.87051262e-04,  7.11630072e-05,\n",
       "         1.98412956e-05,  2.01260006e-05,  5.71192132e-05,\n",
       "         5.83549417e-05,  7.37750619e-05,  9.91207989e-05,\n",
       "         1.03008583e-04,  7.25446267e-05,  5.88142081e-05,\n",
       "         5.78792815e-05,  1.17942179e-04,  2.40308445e-04,\n",
       "         1.10645000e-05,  7.62970129e-05,  8.85141924e-05,\n",
       "         7.40727934e-05,  1.50448267e-04],\n",
       "       [ 3.85985241e-05,  5.44453803e-05,  3.02140545e-05,\n",
       "         2.76009339e-05,  8.59844892e-06,  4.06669980e-05,\n",
       "         5.93493104e-06,  1.38614029e-05,  3.35328722e-05,\n",
       "         1.36154218e-05,  1.81600094e-05,  1.71469218e-05,\n",
       "         7.81946546e-07,  1.86186804e-05,  1.10645000e-05,\n",
       "         1.25547939e-04,  2.21845556e-05,  2.00854194e-05,\n",
       "         1.78652313e-05,  5.76617773e-05],\n",
       "       [ 1.62422963e-04,  2.04254544e-04,  1.94231905e-04,\n",
       "         2.05506437e-05,  8.47982117e-05,  1.95916926e-04,\n",
       "         1.01680981e-04,  9.41860512e-05,  2.15925668e-04,\n",
       "         2.18706043e-04,  1.70005897e-04,  1.51508475e-04,\n",
       "         6.52014955e-05,  2.01824124e-04,  7.62970129e-05,\n",
       "         2.21845556e-05,  5.83356393e-04,  9.27369294e-05,\n",
       "         1.16690304e-04,  2.48744518e-04],\n",
       "       [ 1.22779159e-04,  3.54184875e-05,  1.60723255e-04,\n",
       "         7.58787553e-06,  7.52705837e-05,  1.73417787e-04,\n",
       "         7.93073055e-05,  7.49246374e-05,  1.39199989e-04,\n",
       "         1.51111324e-04,  1.63760390e-04,  1.04619347e-04,\n",
       "         8.87767675e-05,  1.08286265e-04,  8.85141924e-05,\n",
       "         2.00854194e-05,  9.27369294e-05,  5.37836800e-04,\n",
       "         9.03135062e-05,  2.80868266e-04],\n",
       "       [ 1.39574283e-04,  2.00756724e-04,  1.15272253e-04,\n",
       "         1.73881277e-05,  7.07771143e-05,  1.47729058e-04,\n",
       "         6.57646542e-05,  6.43525535e-05,  1.56247268e-04,\n",
       "         1.41318428e-04,  1.63587903e-04,  1.20194591e-04,\n",
       "         5.43544914e-05,  1.46938828e-04,  7.40727934e-05,\n",
       "         1.78652313e-05,  1.16690304e-04,  9.03135062e-05,\n",
       "         2.81238100e-04,  2.00760082e-04],\n",
       "       [ 3.44350646e-04,  4.92481981e-04,  2.67265636e-04,\n",
       "         5.44614333e-05,  1.53916982e-04,  2.77205141e-04,\n",
       "         1.63791852e-04,  1.37268818e-04,  4.21220491e-04,\n",
       "         3.99242702e-04,  3.13840231e-04,  2.87747305e-04,\n",
       "         1.95680245e-04,  3.39286544e-04,  1.50448267e-04,\n",
       "         5.76617773e-05,  2.48744518e-04,  2.80868266e-04,\n",
       "         2.00760082e-04,  1.45347455e-03]])"
      ]
     },
     "execution_count": 147,
     "metadata": {},
     "output_type": "execute_result"
    }
   ],
   "source": [
    "sigma"
   ]
  },
  {
   "cell_type": "code",
   "execution_count": 148,
   "metadata": {},
   "outputs": [
    {
     "data": {
      "text/plain": [
       "(20, 20)"
      ]
     },
     "execution_count": 148,
     "metadata": {},
     "output_type": "execute_result"
    }
   ],
   "source": [
    "sigma.shape"
   ]
  },
  {
   "cell_type": "code",
   "execution_count": 149,
   "metadata": {},
   "outputs": [],
   "source": [
    "sigmaT=np.matrix.transpose(sigma)\n",
    "e= np.array([1,1,1,1,1,1,1,1,1,1,1,1,1,1,1,1,1,1,1,1])\n",
    "eT=np.matrix.transpose(e)"
   ]
  },
  {
   "cell_type": "code",
   "execution_count": 150,
   "metadata": {},
   "outputs": [],
   "source": [
    "w= sigmaT.dot(e)/(eT.dot(sigmaT.dot(e)))"
   ]
  },
  {
   "cell_type": "code",
   "execution_count": 151,
   "metadata": {
    "scrolled": true
   },
   "outputs": [
    {
     "data": {
      "text/plain": [
       "array([0.04086046, 0.40024895, 0.03575539, 0.00644194, 0.02789791,\n",
       "       0.05283024, 0.01799789, 0.02065771, 0.04712466, 0.04844704,\n",
       "       0.03855982, 0.03574591, 0.0190146 , 0.03691775, 0.01780932,\n",
       "       0.0058966 , 0.03296549, 0.02656232, 0.02440972, 0.06385627])"
      ]
     },
     "execution_count": 151,
     "metadata": {},
     "output_type": "execute_result"
    }
   ],
   "source": [
    "w"
   ]
  },
  {
   "cell_type": "code",
   "execution_count": 63,
   "metadata": {},
   "outputs": [
    {
     "data": {
      "text/plain": [
       "0.9999999999999998"
      ]
     },
     "execution_count": 63,
     "metadata": {},
     "output_type": "execute_result"
    }
   ],
   "source": [
    "sum(w)"
   ]
  },
  {
   "cell_type": "code",
   "execution_count": 64,
   "metadata": {},
   "outputs": [],
   "source": [
    "#R will be given in the question for QP2"
   ]
  },
  {
   "cell_type": "code",
   "execution_count": 65,
   "metadata": {},
   "outputs": [
    {
     "ename": "SyntaxError",
     "evalue": "Missing parentheses in call to 'print'. Did you mean print(b)? (<ipython-input-65-2e2ace5cbd7b>, line 3)",
     "output_type": "error",
     "traceback": [
      "\u001b[0;36m  File \u001b[0;32m\"<ipython-input-65-2e2ace5cbd7b>\"\u001b[0;36m, line \u001b[0;32m3\u001b[0m\n\u001b[0;31m    print b\u001b[0m\n\u001b[0m          ^\u001b[0m\n\u001b[0;31mSyntaxError\u001b[0m\u001b[0;31m:\u001b[0m Missing parentheses in call to 'print'. Did you mean print(b)?\n"
     ]
    }
   ],
   "source": [
    "#how to find determinant \n",
    "b = np.array([[6,1,1], [4, -2, 5], [2,8,7]]) \n",
    "print b \n",
    "print np.linalg.det(b) \n",
    "print 6*(-2*7 - 5*8) - 1*(4*7 - 5*2) + 1*(4*8 - -2*2)"
   ]
  },
  {
   "cell_type": "code",
   "execution_count": 69,
   "metadata": {},
   "outputs": [],
   "source": [
    "var_risk= (np.matrix.transpose(w).dot(sigma)).dot(w)"
   ]
  },
  {
   "cell_type": "code",
   "execution_count": 70,
   "metadata": {},
   "outputs": [
    {
     "name": "stdout",
     "output_type": "stream",
     "text": [
      "0.0057077143844649885\n"
     ]
    }
   ],
   "source": [
    "print(var_risk)"
   ]
  },
  {
   "cell_type": "code",
   "execution_count": 78,
   "metadata": {},
   "outputs": [],
   "source": [
    "mew= np.array([0,-0.002630915533,-0.01258532649,-0.002020370918,-0.0005127697071,-0.001115248738,-0.006417886705,0.0004785751245,0.0009166778742,-0.00174750214,-0.001846967121,-0.002311161556,-0.002516427038,0.0006786801971,-0.001211335098,0.0008657222425,0.0003396692347,-0.001336734099,-0.001099446173,-0.001172031464])"
   ]
  },
  {
   "cell_type": "code",
   "execution_count": 106,
   "metadata": {},
   "outputs": [],
   "source": [
    "#mew= np.array([-0.002630915533,-0.01258532649,-0.002020370918,-0.0005127697071,-0.001115248738,-0.006417886705,0.0004785751245,0.0009166778742,-0.00174750214,-0.001846967121,-0.002311161556,-0.002516427038,0.0006786801971,-0.001211335098,0.0008657222425,0.0003396692347,-0.001336734099,-0.001099446173,-0.001172031464])\n",
    "e= np.array([1,1,1,1,1,1,1,1,1,1,1,1,1,1,1,1,1,1,1,1])\n",
    "R=0.02\n",
    "omg=sigma\n",
    "#omgI=sigma\n",
    "omgI = np.linalg.inv(omg) "
   ]
  },
  {
   "cell_type": "code",
   "execution_count": 107,
   "metadata": {},
   "outputs": [],
   "source": [
    "#finding v1 and v2\n",
    "\n",
    "a1=((mew.T).dot(omgI)).dot(mew)\n",
    "a2=((e.T).dot(omgI)).dot(mew)\n",
    "a3=((mew.T).dot(omgI)).dot(e)\n",
    "a4=((e.T).dot(omgI)).dot(e)\n",
    "\n",
    "v11 = np.linalg.det(np.array([[a1,(2*R)], [a2, 2]]))\n",
    "v12= np.linalg.det(np.array([[a1,a3], [a2, a4]]))\n",
    "v21 = np.linalg.det(np.array([[(2*R),a3], [2, a4]]))\n",
    "v22= np.linalg.det(np.array([[a1,a3], [a2, a4]]))\n",
    "\n",
    "v1=v11/v12\n",
    "v2=v21/v22"
   ]
  },
  {
   "cell_type": "code",
   "execution_count": 108,
   "metadata": {},
   "outputs": [],
   "source": [
    "w2= 0.5*v1*(omgI.dot(e))+ 0.5*v2*(omgI.dot(e))"
   ]
  },
  {
   "cell_type": "code",
   "execution_count": 111,
   "metadata": {},
   "outputs": [
    {
     "data": {
      "text/plain": [
       "31.702072368522657"
      ]
     },
     "execution_count": 111,
     "metadata": {},
     "output_type": "execute_result"
    }
   ],
   "source": [
    "var_risk"
   ]
  },
  {
   "cell_type": "code",
   "execution_count": 112,
   "metadata": {},
   "outputs": [
    {
     "data": {
      "text/plain": [
       "array([-2.70906092e+01, -9.28640118e-01,  1.01488508e+00,  8.18313555e+01,\n",
       "        2.80484934e+01, -2.91791225e-01,  7.75647121e+01,  5.65864416e+01,\n",
       "       -2.13073533e+01,  4.92800146e+00,  1.15696747e+01,  2.77928269e+01,\n",
       "        1.08972817e+02, -3.13143180e-01,  8.78660533e+01,  2.97248860e+02,\n",
       "        9.37405336e+00,  1.65388200e+01,  6.00956871e+01, -3.73966814e+01])"
      ]
     },
     "execution_count": 112,
     "metadata": {},
     "output_type": "execute_result"
    }
   ],
   "source": [
    "w2"
   ]
  },
  {
   "cell_type": "code",
   "execution_count": 135,
   "metadata": {},
   "outputs": [],
   "source": [
    "mew= np.array([0,-0.002630915533,-0.01258532649,-0.002020370918,-0.0005127697071,-0.001115248738,-0.006417886705,0.0004785751245,0.0009166778742,-0.00174750214,-0.001846967121,-0.002311161556,-0.002516427038,0.0006786801971,-0.001211335098,0.0008657222425,0.0003396692347,-0.001336734099,-0.001099446173,-0.001172031464])"
   ]
  },
  {
   "cell_type": "code",
   "execution_count": 136,
   "metadata": {},
   "outputs": [
    {
     "data": {
      "text/plain": [
       "-0.0017622399053550003"
      ]
     },
     "execution_count": 136,
     "metadata": {},
     "output_type": "execute_result"
    }
   ],
   "source": [
    "np.average(mew)"
   ]
  },
  {
   "cell_type": "code",
   "execution_count": 140,
   "metadata": {},
   "outputs": [],
   "source": [
    "sig1= \n",
    "aa=(-0.0017622399053550003-0.0575)/sig1"
   ]
  },
  {
   "cell_type": "code",
   "execution_count": 141,
   "metadata": {},
   "outputs": [
    {
     "data": {
      "text/plain": [
       "array([[ 1.17288938e-06,  4.18170454e-05,  2.86127709e-07,\n",
       "         2.14124848e-09,  1.10195427e-07,  6.98239766e-07,\n",
       "         2.80919247e-08,  6.02694829e-08,  5.68126752e-07,\n",
       "         6.41259734e-07,  3.02150890e-07,  2.08731006e-07,\n",
       "         4.79349004e-08,  2.66197537e-07,  3.26028269e-08,\n",
       "         1.34206422e-09,  1.76508839e-07,  8.66277050e-08,\n",
       "         8.31631497e-08,  1.40413229e-06],\n",
       "       [ 4.35812256e-07,  5.46894335e-03,  3.11920989e-07,\n",
       "        -9.66532470e-10,  2.24484522e-07,  8.12788440e-07,\n",
       "         1.63791419e-08,  1.12864287e-07,  1.12889603e-06,\n",
       "         1.36141471e-06,  6.55331276e-07,  6.13638901e-07,\n",
       "         4.94976581e-08,  3.74602015e-07,  5.93273854e-08,\n",
       "         1.89305676e-09,  2.21968199e-07,  2.49897646e-08,\n",
       "         1.19617749e-07,  2.00815611e-06],\n",
       "       [ 3.73665820e-07,  3.90860659e-05,  7.77872100e-07,\n",
       "         4.98475888e-10,  1.10499241e-07,  4.97446365e-07,\n",
       "         2.67019227e-08,  3.88429022e-08,  4.52212647e-07,\n",
       "         5.47400185e-07,  2.43898429e-07,  2.33480813e-07,\n",
       "         3.11228433e-08,  2.77158531e-07,  2.25708991e-08,\n",
       "         1.05053762e-09,  2.11076361e-07,  1.13399430e-07,\n",
       "         6.86831659e-08,  1.08980864e-06],\n",
       "       [ 8.61468948e-08, -3.73115175e-06,  1.53565359e-08,\n",
       "         1.63020434e-08,  4.12774663e-08, -4.30779538e-08,\n",
       "        -1.62901099e-09, -4.45553481e-09,  3.60363816e-08,\n",
       "         4.19115220e-08,  5.35391205e-09, -2.77743534e-08,\n",
       "         2.61534828e-09,  4.87766077e-09,  6.29309945e-09,\n",
       "         9.59679851e-10,  2.23328659e-08,  5.35367929e-09,\n",
       "         1.03604435e-08,  2.22073221e-07],\n",
       "       [ 2.36388674e-07,  4.62065347e-05,  1.81509321e-07,\n",
       "         2.20091649e-09,  6.33706374e-07,  3.73815081e-07,\n",
       "         2.10282263e-08,  1.66301617e-08,  4.06359085e-07,\n",
       "         2.91620363e-07,  1.42330133e-07,  1.18486222e-07,\n",
       "         1.62067828e-08,  1.29438289e-07,  6.38339984e-09,\n",
       "         2.98966629e-10,  9.21522033e-08,  5.31076931e-08,\n",
       "         4.21714348e-08,  6.27615504e-07],\n",
       "       [ 4.17682133e-07,  4.66522660e-05,  2.27857918e-07,\n",
       "        -6.40506921e-10,  1.04240154e-07,  5.82042333e-06,\n",
       "         2.74130903e-08,  3.46046029e-08,  5.16968486e-07,\n",
       "         5.90317288e-07,  3.04465407e-07,  2.51915127e-07,\n",
       "         3.30990952e-08,  2.77013067e-07,  1.81166037e-08,\n",
       "         1.41398471e-09,  2.12907513e-07,  1.22356147e-07,\n",
       "         8.80220452e-08,  1.13033820e-06],\n",
       "       [ 1.44792070e-07,  8.10043481e-06,  1.05385864e-07,\n",
       "        -2.08696294e-10,  5.05245937e-08,  2.36200035e-07,\n",
       "         9.83193562e-08,  2.38689234e-08,  2.75197318e-07,\n",
       "         2.48927518e-07,  1.23041762e-07,  1.27245686e-07,\n",
       "         2.05451528e-08,  1.24016634e-07,  1.85085419e-08,\n",
       "         2.06356559e-10,  1.10499104e-07,  5.59558307e-08,\n",
       "         3.91848390e-08,  6.67881508e-07],\n",
       "       [ 2.35797717e-07,  4.23694258e-05,  1.16367136e-07,\n",
       "        -4.33280767e-10,  3.03302163e-08,  2.26326121e-07,\n",
       "         1.81180594e-08,  1.56749997e-07,  2.58117141e-07,\n",
       "         2.41030989e-07,  1.19469724e-07,  6.46100306e-08,\n",
       "         2.45096733e-08,  1.53965341e-07,  2.33993692e-08,\n",
       "         4.81958659e-10,  1.02354188e-07,  5.28636083e-08,\n",
       "         3.83434609e-08,  5.59730561e-07],\n",
       "       [ 4.27125344e-07,  8.14362847e-05,  2.60333076e-07,\n",
       "         6.73408696e-10,  1.42415410e-07,  6.49729897e-07,\n",
       "         4.01412616e-08,  4.96003588e-08,  1.60858545e-06,\n",
       "         8.09445617e-07,  3.51701200e-07,  2.64701718e-07,\n",
       "         4.58844467e-08,  3.54026430e-07,  3.14383222e-08,\n",
       "         1.16593235e-09,  2.34651483e-07,  9.82135373e-08,\n",
       "         9.30974868e-08,  1.71757858e-06],\n",
       "       [ 4.56148225e-07,  9.29215327e-05,  2.98162831e-07,\n",
       "         7.41025054e-10,  9.67000665e-08,  7.01966200e-07,\n",
       "         3.43543430e-08,  4.38230673e-08,  7.65860362e-07,\n",
       "         1.91369252e-06,  3.85079645e-07,  2.86349090e-07,\n",
       "         4.08274758e-08,  3.57020815e-07,  3.26714179e-08,\n",
       "         4.73405936e-10,  2.37672981e-07,  1.06617664e-07,\n",
       "         8.42023713e-08,  1.62796143e-06],\n",
       "       [ 3.39281633e-07,  7.06075712e-05,  2.09711390e-07,\n",
       "         1.49429088e-10,  7.45023954e-08,  5.71522205e-07,\n",
       "         2.68056124e-08,  3.42887935e-08,  5.25291315e-07,\n",
       "         6.07876026e-07,  9.21156799e-07,  2.50457922e-07,\n",
       "         3.13108252e-08,  2.63186054e-07,  2.30091099e-08,\n",
       "         6.31420486e-10,  1.84749391e-07,  1.15542302e-07,\n",
       "         9.74712893e-08,  1.27972231e-06],\n",
       "       [ 2.72734890e-07,  7.69343910e-05,  2.33604644e-07,\n",
       "        -9.02038614e-10,  7.21702966e-08,  5.50258372e-07,\n",
       "         3.22577088e-08,  2.15780179e-08,  4.60045079e-07,\n",
       "         5.25990039e-07,  2.91441929e-07,  7.94874351e-07,\n",
       "         2.58914353e-08,  2.55280343e-07,  1.86542083e-08,\n",
       "         5.96195600e-10,  1.64647809e-07,  7.38149206e-08,\n",
       "         7.16160642e-08,  1.17332518e-06],\n",
       "       [ 2.21352356e-07,  2.19316283e-05,  1.10049514e-07,\n",
       "         3.00185211e-10,  3.48871939e-08,  2.55509542e-07,\n",
       "         1.84068052e-08,  2.89286198e-08,  2.81830323e-07,\n",
       "         2.65040860e-07,  1.28762785e-07,  9.15028698e-08,\n",
       "         9.93356766e-08,  1.34611723e-07,  1.83576759e-08,\n",
       "         2.71881505e-11,  7.08559927e-08,  6.26370767e-08,\n",
       "         3.23862722e-08,  7.97910369e-07],\n",
       "       [ 3.26091896e-07,  4.40311459e-05,  2.59980497e-07,\n",
       "         1.48516603e-10,  7.39155214e-08,  5.67276654e-07,\n",
       "         2.94749200e-08,  4.82077446e-08,  5.76848221e-07,\n",
       "         6.14833458e-07,  2.87119293e-07,  2.39331364e-07,\n",
       "         3.57097275e-08,  6.73767466e-07,  3.74079333e-08,\n",
       "         6.47368400e-10,  2.19327004e-07,  7.64021406e-08,\n",
       "         8.75511986e-08,  1.38348279e-06],\n",
       "       [ 1.71619723e-07,  2.99654672e-05,  9.09782006e-08,\n",
       "         8.23386941e-10,  1.56639358e-08,  1.59421688e-07,\n",
       "         1.89025704e-08,  3.14828441e-08,  2.20120859e-07,\n",
       "         2.41773057e-07,  1.07863693e-07,  7.51510459e-08,\n",
       "         2.09265347e-08,  1.60745817e-07,  7.62190622e-08,\n",
       "         3.84710811e-10,  8.29137514e-08,  6.24518150e-08,\n",
       "         4.41351135e-08,  6.13471391e-07],\n",
       "       [ 6.44432160e-08,  8.72210775e-06,  3.86270960e-08,\n",
       "         1.14540144e-09,  6.69211706e-09,  1.13502990e-07,\n",
       "         1.92246704e-09,  5.91522902e-09,  7.44675660e-08,\n",
       "         3.19569694e-08,  2.70013888e-08,  2.19098266e-08,\n",
       "         2.82716562e-10,  2.53757816e-08,  3.50934737e-09,\n",
       "         4.36528082e-09,  2.41084763e-08,  1.41714098e-08,\n",
       "         1.06447182e-08,  2.35123019e-07],\n",
       "       [ 2.71177677e-07,  3.27214198e-05,  2.48315380e-07,\n",
       "         8.52823926e-10,  6.59978986e-08,  5.46810876e-07,\n",
       "         3.29369175e-08,  4.01930503e-08,  4.79513322e-07,\n",
       "         5.13328375e-07,  2.52774943e-07,  1.93593022e-07,\n",
       "         2.35739166e-08,  2.75070241e-07,  2.41992609e-08,\n",
       "         7.71353283e-10,  6.33947059e-07,  6.54311970e-08,\n",
       "         6.95280894e-08,  1.01428650e-06],\n",
       "       [ 2.04989286e-07,  5.67401427e-06,  2.05476316e-07,\n",
       "         3.14886575e-10,  5.85826075e-08,  4.84015005e-07,\n",
       "         2.56895455e-08,  3.19734151e-08,  3.09126050e-07,\n",
       "         3.54675752e-07,  2.43488749e-07,  1.33679489e-07,\n",
       "         3.20976704e-08,  1.47585573e-07,  2.80742058e-08,\n",
       "         6.98366670e-10,  1.00779394e-07,  3.79474561e-07,\n",
       "         5.38118878e-08,  1.14527505e-06],\n",
       "       [ 2.33030040e-07,  3.21610716e-05,  1.47369575e-07,\n",
       "         7.21583789e-10,  5.50853694e-08,  4.12316881e-07,\n",
       "         2.13027547e-08,  2.74618734e-08,  3.46983510e-07,\n",
       "         3.31690692e-07,  2.43232285e-07,  1.53581074e-07,\n",
       "         1.96521297e-08,  2.00265944e-07,  2.34938012e-08,\n",
       "         6.21171101e-10,  1.26810087e-07,  6.37213336e-08,\n",
       "         1.67571316e-07,  8.18624032e-07],\n",
       "       [ 5.74919988e-07,  7.88952318e-05,  3.41685204e-07,\n",
       "         2.26007584e-09,  1.19792589e-07,  7.73689078e-07,\n",
       "         5.30561239e-08,  5.85782336e-08,  9.35418371e-07,\n",
       "         9.37068790e-07,  4.66636439e-07,  3.67674947e-07,\n",
       "         7.07491407e-08,  4.62420595e-07,  4.77179476e-08,\n",
       "         2.00489034e-09,  2.70316495e-07,  1.98168593e-07,\n",
       "         1.19619750e-07,  5.92672202e-06]])"
      ]
     },
     "execution_count": 141,
     "metadata": {},
     "output_type": "execute_result"
    }
   ],
   "source": [
    "sig1"
   ]
  },
  {
   "cell_type": "code",
   "execution_count": null,
   "metadata": {},
   "outputs": [],
   "source": []
  }
 ],
 "metadata": {
  "kernelspec": {
   "display_name": "Python 3",
   "language": "python",
   "name": "python3"
  },
  "language_info": {
   "codemirror_mode": {
    "name": "ipython",
    "version": 3
   },
   "file_extension": ".py",
   "mimetype": "text/x-python",
   "name": "python",
   "nbconvert_exporter": "python",
   "pygments_lexer": "ipython3",
   "version": "3.7.3"
  }
 },
 "nbformat": 4,
 "nbformat_minor": 2
}
